 	Label	NUMBER_SPOTS	NUMBER_GAPS	LONGEST_GAP	NUMBER_SPLITS	NUMBER_MERGES	NUMBER_COMPLEX	TRACK_DURATION	TRACK_START	TRACK_STOP	TRACK_DISPLACEMENT	TRACK_INDEX	TRACK_ID	TRACK_X_LOCATION	TRACK_Y_LOCATION	TRACK_Z_LOCATION	TRACK_MEAN_SPEED	TRACK_MAX_SPEED	TRACK_MIN_SPEED	TRACK_MEDIAN_SPEED	TRACK_STD_SPEED	TRACK_MEAN_QUALITY	TRACK_MAX_QUALITY	TRACK_MIN_QUALITY	TRACK_MEDIAN_QUALITY	TRACK_STD_QUALITY
1	Track_0	150	0	0	0	0	0	149	0	149	6.025	0	0	14.172	16.478	0	0.138	0.568	0.002	0.080	0.144	4.431	4.774	3.665	4.510	0.221
2	Track_1	150	0	0	0	0	0	149	0	149	17.321	1	1	3.180	8.290	0	0.263	0.868	0.000	0.132	0.312	4.519	5.448	3.345	4.424	0.499
3	Track_2	150	0	0	0	0	0	149	0	149	0.442	2	2	42.349	20.341	0	0.011	0.059	4.528E-4	0.010	0.008	4.389	4.494	3.855	4.423	0.119
4	Track_3	150	0	0	0	0	0	149	0	149	17.259	3	3	21.069	18.084	0	0.472	3.339	0.002	0.220	0.641	3.355	4.255	2.566	3.358	0.325
5	Track_4	150	0	0	0	0	0	149	0	149	0.343	4	4	36.856	20.572	0	0.012	0.071	1.895E-4	0.010	0.011	3.752	3.899	3.117	3.789	0.144
6	Track_5	150	0	0	0	0	0	149	0	149	0.038	5	5	1.812	20.582	0	0.026	0.119	6.804E-4	0.016	0.025	4.731	4.938	4.228	4.774	0.146
7	Track_6	150	0	0	0	0	0	149	0	149	7.096	6	6	20.991	21.732	0	0.313	0.606	0.007	0.330	0.182	3.992	4.300	2.804	4.098	0.318
8	Track_7	150	0	0	0	0	0	149	0	149	6.423	7	7	37.271	22.565	0	0.096	1.344	0.001	0.019	0.159	3.895	5.252	3.282	3.500	0.620
9	Track_8	150	0	0	0	0	0	149	0	149	0.353	8	8	36.315	21.113	0	0.013	0.096	9.806E-4	0.010	0.014	3.151	3.301	2.447	3.238	0.205
10	Track_9	150	0	0	0	0	0	149	0	149	2.338	9	9	29.083	21.911	0	0.067	1.930	7.685E-4	0.021	0.208	3.865	4.279	2.678	4.156	0.479
11	Track_10	150	0	0	0	0	0	149	0	149	6.071	10	10	34.714	13.432	0	0.394	0.830	0.008	0.466	0.287	3.883	4.409	3.023	3.932	0.259
12	Track_11	150	0	0	0	0	0	149	0	149	0.311	11	11	16.259	21.384	0	0.010	0.046	0.001	0.008	0.006	5.156	5.296	4.240	5.219	0.200
13	Track_12	138	1	1	0	0	0	138	0	138	3.834	12	12	3.075	22.212	0	0.047	2.510	2.550E-4	0.010	0.285	4.098	4.833	2.006	4.725	0.961
14	Track_13	150	0	0	0	0	0	149	0	149	8.339	13	13	37.314	19.739	0	0.148	1.705	2.696E-4	0.012	0.244	4.167	4.577	3.166	4.240	0.269
15	Track_14	42	1	1	0	0	0	42	0	42	2.515	14	14	3.669	22.238	0	0.070	2.359	0.002	0.012	0.366	4.293	4.799	2.015	4.746	1.009
16	Track_15	150	0	0	0	0	0	149	0	149	7.323	15	15	40.863	22.239	0	0.126	1.243	0.002	0.061	0.156	4.950	5.334	3.835	5.064	0.317
17	Track_16	150	0	0	0	0	0	149	0	149	1.160	16	16	41.905	23.453	0	0.017	0.772	0.002	0.010	0.063	4.244	4.538	3.606	4.350	0.277
18	Track_17	112	1	1	0	0	0	112	0	112	1.636	17	17	30.369	24.698	0	0.294	2.635	0.001	0.017	0.751	3.370	4.344	2.663	2.878	0.680
19	Track_18	150	0	0	0	0	0	149	0	149	0.876	18	18	38.356	23.530	0	0.016	0.524	7.880E-4	0.010	0.043	3.352	3.563	3.114	3.313	0.108
20	Track_19	150	0	0	0	0	0	149	0	149	0.338	19	19	42.852	23.203	0	0.010	0.047	6.911E-4	0.009	0.007	3.672	3.936	2.961	3.708	0.223
21	Track_20	139	0	0	0	0	0	138	0	138	1.248	20	20	28.850	23.480	0	0.034	0.858	9.755E-4	0.009	0.120	3.036	3.320	2.680	3.185	0.227
22	Track_21	150	0	0	0	0	0	149	0	149	13.074	21	21	19.713	17.761	0	0.195	0.630	0.009	0.111	0.185	4.269	4.729	3.288	4.316	0.254
23	Track_22	150	0	0	0	0	0	149	0	149	0.356	22	22	21.299	23.494	0	0.010	0.048	5.377E-4	0.009	0.007	4.248	4.446	3.697	4.374	0.227
24	Track_23	150	0	0	0	0	0	149	0	149	2.903	23	23	42.507	25.160	0	0.078	2.116	6.826E-4	0.042	0.178	4.534	5.214	3.091	4.954	0.654
25	Track_24	150	0	0	0	0	0	149	0	149	1.728	24	24	38.115	24.621	0	0.021	1.506	1.138E-4	0.009	0.123	3.495	3.728	3.236	3.607	0.176
26	Track_25	40	2	1	0	0	0	41	0	41	0.397	25	25	29.066	23.997	0	0.096	0.765	0.002	0.024	0.177	2.683	2.765	2.533	2.706	0.066
27	Track_26	79	1	1	0	0	0	79	0	79	0.557	26	26	29.626	24.127	0	0.196	2.624	0.001	0.013	0.475	2.793	4.276	2.673	2.782	0.176
28	Track_27	150	0	0	0	0	0	149	0	149	0.354	27	27	13.087	24.289	0	0.010	0.049	8.484E-4	0.008	0.007	3.452	3.538	2.968	3.469	0.074
29	Track_28	150	0	0	0	0	0	149	0	149	3.511	28	28	30.744	23.203	0	0.052	1.360	0.001	0.017	0.140	3.783	4.461	3.162	3.795	0.141
30	Track_29	16	0	0	0	0	0	15	0	15	0.079	29	29	3.710	24.263	0	0.026	0.071	0.005	0.022	0.019	2.174	2.225	2.135	2.182	0.028
31	Track_30	148	1	1	0	0	0	148	0	148	6.571	30	30	30.095	25.778	0	0.189	1.803	0.001	0.014	0.415	3.697	4.352	2.371	3.716	0.532
32	Track_31	50	0	0	0	0	0	49	0	49	1.060	31	31	28.055	25.391	0	0.179	1.895	0.015	0.124	0.265	3.933	4.236	2.694	4.061	0.352
33	Track_32	3	0	0	0	0	0	2	0	2	0.914	32	32	36.507	24.634	0	0.460	0.513	0.406	0.513	0.076	2.617	2.734	2.549	2.567	0.083
34	Track_33	150	0	0	0	0	0	149	0	149	0.343	33	33	14.139	24.854	0	0.010	0.054	0.001	0.009	0.007	3.890	3.984	3.328	3.911	0.078
35	Track_34	150	0	0	0	0	0	149	0	149	1.111	34	34	37.675	25.652	0	0.019	0.936	0.002	0.010	0.076	3.394	3.771	3.062	3.240	0.260
36	Track_35	150	0	0	0	0	0	149	0	149	0.335	35	35	35.785	25.267	0	0.013	0.114	3.801E-4	0.009	0.015	3.116	3.511	2.534	3.143	0.190
37	Track_36	150	0	0	0	0	0	149	0	149	2.619	36	36	23.504	26.398	0	0.028	1.847	1.384E-4	0.009	0.160	4.061	4.422	2.718	4.184	0.437
38	Track_37	150	0	0	0	0	0	149	0	149	3.929	37	37	31.938	21.926	0	0.048	2.711	0.001	0.011	0.235	4.181	4.416	2.519	4.337	0.442
39	Track_38	150	0	0	0	0	0	149	0	149	2.430	38	38	13.486	26.461	0	0.102	0.549	0.002	0.063	0.112	3.387	3.643	2.209	3.444	0.216
40	Track_39	150	0	0	0	0	0	149	0	149	4.643	39	39	41.182	27.455	0	0.047	2.174	0.001	0.012	0.237	3.014	3.657	2.415	3.160	0.299
41	Track_40	125	0	0	0	0	0	124	0	124	4.866	40	40	33.359	28.578	0	0.154	1.629	9.812E-4	0.028	0.387	3.881	4.829	2.001	3.865	0.580
42	Track_41	149	1	1	0	0	0	149	0	149	12.307	41	41	33.525	15.868	0	0.319	2.338	0.007	0.249	0.292	3.384	3.852	2.656	3.446	0.258
43	Track_42	150	0	0	0	0	0	149	0	149	4.478	42	42	42.447	27.710	0	0.067	2.157	0.002	0.019	0.225	3.217	3.778	2.529	3.165	0.405
44	Track_43	149	1	1	0	0	0	149	0	149	4.055	43	43	36.373	27.242	0	0.095	1.584	0.001	0.018	0.288	2.871	3.551	2.002	2.956	0.316
45	Track_44	6	0	0	0	0	0	5	0	5	0.096	44	44	8.082	26.065	0	0.062	0.096	0.027	0.050	0.032	3.431	3.531	3.220	3.475	0.101
46	Track_45	133	0	0	0	0	0	132	0	132	2.984	45	45	33.517	26.104	0	0.231	1.828	0.002	0.019	0.466	3.168	4.382	2.011	3.093	0.505
47	Track_46	46	0	0	0	0	0	45	0	45	30.535	46	46	9.149	15.080	0	0.806	1.039	0.519	0.825	0.092	3.496	3.765	2.644	3.549	0.210
48	Track_47	150	0	0	0	0	0	149	0	149	8.361	47	47	21.485	18.945	0	0.208	0.544	0.003	0.128	0.180	4.965	5.250	4.434	4.985	0.168
49	Track_48	150	0	0	0	0	0	149	0	149	2.195	48	48	34.419	26.086	0	0.130	1.069	8.795E-5	0.019	0.280	2.830	3.490	2.021	2.954	0.540
50	Track_49	150	0	0	0	0	0	149	0	149	0.360	49	49	7.231	26.503	0	0.061	1.647	8.368E-4	0.017	0.162	4.325	5.096	2.780	4.653	0.811
51	Track_50	42	0	0	0	0	0	41	0	41	1.510	50	50	34.782	25.216	0	0.118	1.250	0.009	0.054	0.209	2.522	3.092	2.035	2.613	0.257
52	Track_51	150	0	0	0	0	0	149	0	149	10.019	51	51	34.186	31.773	0	0.117	1.486	5.272E-4	0.010	0.257	3.519	4.332	2.230	3.491	0.330
53	Track_52	150	0	0	0	0	0	149	0	149	0.354	52	52	39.655	26.905	0	0.013	0.046	0.001	0.012	0.008	3.466	3.522	3.391	3.469	0.022
54	Track_53	3	0	0	0	0	0	2	0	2	0.102	53	53	22.845	26.733	0	0.053	0.070	0.036	0.070	0.024	2.540	2.770	2.199	2.651	0.246
55	Track_54	150	0	0	0	0	0	149	0	149	2.297	54	54	38.376	26.442	0	0.074	1.388	0.001	0.017	0.216	2.739	3.329	2.018	2.623	0.465
56	Track_55	150	0	0	0	0	0	149	0	149	0.479	55	55	44.580	27.077	0	0.015	0.051	0.001	0.013	0.009	3.473	3.632	3.076	3.531	0.131
57	Track_56	149	1	1	0	0	0	149	0	149	1.427	56	56	36.415	26.668	0	0.089	1.248	5.293E-4	0.015	0.238	2.748	3.383	2.066	2.862	0.297
58	Track_57	150	0	0	0	0	0	149	0	149	4.822	57	57	24.007	29.196	0	0.071	2.156	0.001	0.010	0.343	4.460	5.019	3.239	4.359	0.419
59	Track_58	150	0	0	0	0	0	149	0	149	0.195	58	58	39.501	27.620	0	0.011	0.049	4.440E-4	0.009	0.007	3.457	3.629	3.223	3.466	0.074
60	Track_59	150	0	0	0	0	0	149	0	149	0.945	59	59	37.608	27.681	0	0.027	0.081	0.002	0.024	0.017	3.480	3.762	3.146	3.499	0.143
61	Track_60	66	0	0	0	0	0	65	0	65	2.817	60	60	42.788	27.899	0	0.063	1.274	3.694E-4	0.021	0.174	2.964	3.195	2.274	3.033	0.195
62	Track_61	115	0	0	0	0	0	114	0	114	1.930	61	61	37.143	27.254	0	0.093	1.227	9.636E-4	0.018	0.235	2.408	3.726	2.054	2.316	0.273
63	Track_62	58	0	0	0	0	0	57	0	57	2.158	62	62	35.460	26.830	0	0.184	1.436	0.002	0.020	0.402	2.665	3.356	2.151	2.682	0.283
64	Track_63	150	0	0	0	0	0	149	0	149	18.848	63	63	5.385	30.620	0	0.181	0.698	0.002	0.062	0.229	4.317	4.676	3.729	4.369	0.213
65	Track_64	34	1	1	0	0	0	34	0	34	1.391	64	64	32.362	26.346	0	0.302	1.865	0.002	0.019	0.642	3.266	4.595	2.993	3.122	0.379
66	Track_65	150	0	0	0	0	0	149	0	149	3.440	65	65	40.984	29.702	0	0.058	2.968	0.003	0.028	0.242	3.497	4.096	2.854	3.349	0.336
67	Track_66	150	0	0	0	0	0	149	0	149	0.382	66	66	14.757	28.612	0	0.012	0.115	8.884E-4	0.009	0.013	3.299	3.403	2.686	3.337	0.133
68	Track_67	150	0	0	0	0	0	149	0	149	0.999	67	67	44.901	29.097	0	0.013	0.681	0.000	0.000	0.058	3.081	3.569	2.262	3.258	0.338
69	Track_68	150	0	0	0	0	0	149	0	149	2.802	68	68	35.265	27.555	0	0.136	1.684	6.009E-4	0.011	0.376	3.396	3.904	2.060	3.631	0.457
70	Track_69	150	0	0	0	0	0	149	0	149	1.301	69	69	9.491	26.997	0	0.136	0.595	0.003	0.096	0.122	4.380	4.648	3.572	4.458	0.211
71	Track_70	150	0	0	0	0	0	149	0	149	2.432	70	70	43.868	28.672	0	0.032	1.603	0.000	0.009	0.142	2.910	3.542	2.286	2.817	0.338
72	Track_71	59	0	0	0	0	0	58	1	59	0.363	71	71	35.091	28.928	0	0.228	1.631	0.003	0.049	0.435	2.757	3.871	2.038	2.574	0.561
73	Track_72	150	0	0	0	0	0	149	0	149	0.321	72	72	41.851	29.004	0	0.014	0.053	0.002	0.014	0.008	3.371	3.770	3.040	3.239	0.233
74	Track_73	150	0	0	0	0	0	149	0	149	0.887	73	73	38.474	28.524	0	0.016	0.787	2.129E-4	0.010	0.064	3.289	3.739	2.719	3.430	0.284
75	Track_74	138	1	1	0	0	0	138	0	138	8.830	74	74	28.654	28.684	0	0.319	3.928	8.548E-4	0.081	0.632	3.937	4.821	2.309	3.910	0.581
76	Track_75	48	0	0	0	0	0	47	0	47	0.953	75	75	44.901	29.256	0	0.030	0.863	0.000	0.000	0.126	3.214	3.428	2.169	3.276	0.210
77	Track_76	134	0	0	0	0	0	133	0	133	1.149	76	76	35.981	28.772	0	0.181	1.730	7.988E-4	0.063	0.317	2.952	3.727	2.004	3.196	0.533
78	Track_77	17	0	0	0	0	0	16	0	16	1.183	77	77	33.394	30.043	0	0.106	1.120	0.011	0.036	0.272	3.248	3.791	2.829	3.238	0.314
79	Track_78	63	0	0	0	0	0	62	0	62	1.808	78	78	43.849	28.474	0	0.125	1.427	0.000	0.082	0.192	2.753	3.678	2.250	2.690	0.284
80	Track_79	9	0	0	0	0	0	8	0	8	6.077	79	79	2.488	28.093	0	0.772	0.822	0.693	0.790	0.047	4.240	4.583	3.585	4.273	0.270
81	Track_80	10	0	0	0	0	0	9	0	9	0.216	80	80	23.734	29.515	0	0.067	0.282	0.007	0.032	0.087	3.796	3.971	3.499	3.894	0.167
82	Track_81	150	0	0	0	0	0	149	0	149	4.940	81	81	19.898	25.863	0	0.281	0.533	0.003	0.322	0.135	4.728	5.061	4.180	4.753	0.198
83	Track_82	149	1	1	0	0	0	149	0	149	4.030	82	82	26.670	30.340	0	0.203	2.272	0.001	0.065	0.440	3.783	4.982	2.477	3.848	0.456
84	Track_83	150	0	0	0	0	0	149	0	149	0.462	83	83	16.847	29.814	0	0.011	0.042	8.342E-4	0.009	0.007	4.727	4.886	4.201	4.759	0.108
85	Track_84	83	0	0	0	0	0	82	0	82	3.537	84	84	29.542	30.235	0	0.152	1.812	9.000E-4	0.061	0.341	3.729	4.430	2.995	3.668	0.448
86	Track_85	150	0	0	0	0	0	149	0	149	3.490	85	85	42.424	32.351	0	0.033	2.837	3.020E-4	0.009	0.232	4.379	4.615	3.619	4.415	0.203
87	Track_86	55	0	0	0	0	0	54	0	54	5.200	86	86	27.802	29.657	0	0.158	2.699	0.001	0.022	0.417	3.760	4.508	2.782	3.614	0.511
88	Track_87	64	0	0	0	0	0	63	0	63	30.692	87	87	7.465	15.843	0	0.618	0.809	0.165	0.640	0.091	4.270	4.563	2.741	4.315	0.257
89	Track_88	58	0	0	0	0	0	57	0	57	6.766	88	88	26.946	27.489	0	0.450	2.639	0.020	0.343	0.434	3.304	3.977	2.636	3.249	0.332
90	Track_89	130	0	0	0	0	0	129	0	129	4.453	89	89	22.181	32.094	0	0.242	2.526	0.001	0.123	0.390	3.162	4.129	2.503	3.073	0.432
91	Track_90	73	0	0	0	0	0	72	0	72	3.713	90	90	32.078	29.699	0	0.274	2.237	0.002	0.030	0.491	3.549	4.421	2.434	3.590	0.489
92	Track_91	28	1	1	0	0	0	28	0	28	2.320	91	91	24.183	29.786	0	0.116	1.534	0.000	0.016	0.327	3.657	4.559	2.655	3.978	0.574
93	Track_92	150	0	0	0	0	0	149	0	149	1.854	92	92	37.831	29.104	0	0.028	1.163	1.912E-4	0.009	0.134	3.568	3.832	2.489	3.658	0.250
94	Track_93	54	0	0	0	0	0	53	0	53	7.091	93	93	30.552	30.208	0	0.194	1.977	7.853E-4	0.050	0.435	3.547	4.635	2.573	3.243	0.649
95	Track_94	88	0	0	0	0	0	87	1	88	2.886	94	94	36.146	29.874	0	0.214	1.622	0.008	0.062	0.395	3.294	3.855	2.030	3.360	0.366
96	Track_95	150	0	0	0	0	0	149	0	149	6.560	95	95	29.068	30.450	0	0.223	3.017	4.383E-4	0.016	0.514	4.115	5.031	2.112	4.112	0.589
97	Track_96	150	0	0	0	0	0	149	0	149	3.150	96	96	27.350	29.606	0	0.317	3.034	6.324E-4	0.090	0.599	4.085	4.720	3.042	4.131	0.386
98	Track_97	150	0	0	0	0	0	149	0	149	0.377	97	97	3.824	31.793	0	0.016	0.152	3.106E-4	0.011	0.018	3.567	4.063	2.754	3.636	0.302
99	Track_98	150	0	0	0	0	0	149	0	149	0.387	98	98	31.198	31.838	0	0.011	0.060	9.018E-4	0.009	0.008	4.548	4.662	4.007	4.570	0.102
100	Track_99	11	0	0	0	0	0	10	0	10	10.392	99	99	5.267	33.033	0	1.158	3.579	0.685	0.953	0.855	3.588	4.361	2.639	3.567	0.574
101	Track_100	109	0	0	0	0	0	108	0	108	1.575	100	100	36.807	31.903	0	0.050	1.344	5.620E-4	0.012	0.219	3.343	3.531	2.613	3.357	0.116
102	Track_101	58	0	0	0	0	0	57	0	57	0.214	101	101	35.982	31.776	0	0.344	1.682	0.020	0.087	0.577	2.296	3.744	2.001	2.181	0.412
103	Track_102	89	0	0	0	0	0	88	0	88	1.349	102	102	32.456	30.939	0	0.298	2.927	0.002	0.023	0.582	3.621	4.439	2.006	3.744	0.538
104	Track_103	24	0	0	0	0	0	23	0	23	1.900	103	103	43.109	32.568	0	0.231	1.813	0.006	0.070	0.397	3.402	4.549	2.496	2.923	0.826
105	Track_104	8	0	0	0	0	0	7	0	7	2.077	104	104	32.908	33.124	0	0.393	0.585	0.182	0.402	0.144	3.591	4.503	2.204	3.696	0.692
106	Track_105	150	0	0	0	0	0	149	0	149	0.343	105	105	22.850	32.905	0	0.064	1.486	8.453E-4	0.014	0.222	2.637	3.819	2.132	2.731	0.256
107	Track_106	98	0	0	0	0	0	97	0	97	0.450	106	106	36.539	33.129	0	0.015	0.059	8.283E-4	0.012	0.011	3.124	3.800	2.583	3.290	0.348
108	Track_107	150	0	0	0	0	0	149	0	149	0.302	107	107	44.900	33.141	0	0.011	0.143	0.000	0.000	0.022	3.809	4.065	2.421	3.871	0.260
109	Track_108	150	0	0	0	0	0	149	0	149	0.778	108	108	21.590	33.567	0	0.014	0.866	0.000	0.000	0.073	3.368	3.923	2.119	3.558	0.494
110	Track_109	150	0	0	0	0	0	149	0	149	0.385	109	109	30.379	33.588	0	0.011	0.176	0.000	0.000	0.026	5.175	5.475	4.154	5.267	0.260
111	Track_110	150	0	0	0	0	0	149	0	149	0.344	110	110	37.081	33.591	0	0.008	0.217	0.000	0.000	0.024	3.213	3.384	2.694	3.226	0.100
112	Track_111	20	0	0	0	0	0	19	0	19	0.136	111	111	11.066	33.596	0	0.007	0.045	0.000	0.000	0.017	3.286	4.599	2.616	3.174	0.549
113	Track_112	51	0	0	0	0	0	50	0	50	3.217	112	112	20.667	31.646	0	0.307	1.180	0.000	0.365	0.218	4.216	4.906	3.054	4.465	0.465
114	Track_113	66	0	0	0	0	0	65	0	65	0.227	113	113	23.757	33.596	0	0.006	0.045	0.000	0.000	0.016	2.861	3.725	2.041	2.845	0.484
115	Track_114	43	0	0	0	0	0	42	0	42	4.634	114	114	43.082	32.674	0	0.139	0.531	0.000	0.045	0.179	3.004	4.370	2.113	2.734	0.602
116	Track_115	11	0	0	0	0	0	10	0	10	5.134	115	115	42.336	0.871	0	0.532	0.571	0.423	0.558	0.049	4.258	4.532	3.606	4.430	0.336
117	Track_116	150	0	0	0	0	0	149	0	149	0.495	116	116	31.133	1.362	0	0.115	0.459	0.007	0.086	0.092	3.776	4.039	3.114	3.812	0.171
118	Track_117	150	0	0	0	0	0	149	0	149	0.354	117	117	5.523	1.374	0	0.012	0.071	6.227E-4	0.010	0.010	3.949	4.139	3.240	3.990	0.151
119	Track_118	150	0	0	0	0	0	149	0	149	13.763	118	118	16.970	5.057	0	0.233	4.208	9.118E-4	0.108	0.409	3.835	4.350	3.122	3.896	0.323
120	Track_119	150	0	0	0	0	0	149	0	149	2.024	119	119	39.997	1.831	0	0.110	0.609	0.002	0.038	0.152	4.905	5.104	4.389	4.966	0.155
121	Track_120	76	0	0	0	0	0	75	0	75	10.393	120	120	16.906	1.173	0	0.212	0.634	0.000	0.136	0.182	4.760	5.473	3.664	4.769	0.365
122	Track_121	150	0	0	0	0	0	149	0	149	1.959	121	121	26.400	1.806	0	0.024	2.218	0.002	0.008	0.181	4.274	4.619	3.688	4.234	0.172
123	Track_122	23	0	0	0	0	0	22	0	22	7.487	122	122	20.947	2.234	0	0.702	0.876	0.069	0.755	0.180	3.883	4.180	3.102	3.924	0.245
124	Track_123	7	0	0	0	0	0	6	0	6	2.783	123	123	0.819	1.421	0	0.478	0.584	0.408	0.492	0.064	5.439	5.629	4.994	5.557	0.223
125	Track_124	150	0	0	0	0	0	149	0	149	0.361	124	124	31.692	2.513	0	0.011	0.039	9.650E-4	0.008	0.007	3.970	4.132	3.539	3.993	0.099
126	Track_125	150	0	0	0	0	0	149	0	149	0.349	125	125	33.932	2.736	0	0.010	0.049	9.622E-4	0.008	0.007	5.021	5.156	4.790	5.030	0.067
127	Track_126	150	0	0	0	0	0	149	0	149	0.347	126	126	39.604	3.500	0	0.010	0.050	0.001	0.008	0.007	4.948	5.120	4.730	4.957	0.074
128	Track_127	150	0	0	0	0	0	149	0	149	0.350	127	127	37.616	3.542	0	0.010	0.052	0.001	0.009	0.007	4.654	4.897	4.057	4.665	0.109
129	Track_128	150	0	0	0	0	0	149	0	149	0.379	128	128	41.868	4.081	0	0.011	0.058	4.483E-4	0.009	0.008	4.608	4.914	3.791	4.750	0.274
130	Track_129	150	0	0	0	0	0	149	0	149	0.364	129	129	14.689	4.361	0	0.011	0.085	2.847E-4	0.009	0.010	4.301	4.438	3.845	4.327	0.105
131	Track_130	150	0	0	0	0	0	149	0	149	17.618	130	130	18.923	5.996	0	0.247	0.751	0.002	0.178	0.209	4.357	4.871	3.529	4.391	0.250
132	Track_131	150	0	0	0	0	0	149	0	149	9.166	131	131	8.147	4.586	0	0.146	0.703	0.002	0.039	0.212	4.095	4.655	3.085	4.115	0.213
133	Track_132	150	0	0	0	0	0	149	0	149	0.339	132	132	34.881	4.584	0	0.010	0.046	2.374E-4	0.008	0.006	4.705	4.868	4.413	4.726	0.089
134	Track_133	150	0	0	0	0	0	149	0	149	1.768	133	133	43.751	3.952	0	0.136	0.440	4.368E-4	0.098	0.118	4.482	4.860	3.343	4.596	0.297
135	Track_134	150	0	0	0	0	0	149	0	149	0.340	134	134	41.685	5.438	0	0.010	0.053	5.999E-4	0.008	0.007	4.942	5.421	4.711	4.923	0.155
136	Track_135	150	0	0	0	0	0	149	0	149	0.388	135	135	12.854	5.772	0	0.014	0.063	0.001	0.011	0.011	3.625	3.934	3.167	3.678	0.212
137	Track_136	150	0	0	0	0	0	149	0	149	2.857	136	136	29.853	5.752	0	0.188	0.561	0.002	0.129	0.161	3.826	4.105	3.300	3.854	0.132
138	Track_137	10	0	0	0	0	0	9	0	9	4.374	137	137	1.776	7.858	0	0.492	0.609	0.388	0.500	0.064	4.513	4.733	3.811	4.632	0.248
139	Track_138	150	0	0	0	0	0	149	0	149	0.377	138	138	34.555	7.156	0	0.009	0.056	4.827E-4	0.008	0.007	3.596	3.725	3.345	3.609	0.076
140	Track_139	149	1	1	0	0	0	149	0	149	0.351	139	139	7.995	8.115	0	0.010	0.048	6.089E-4	0.008	0.007	2.709	2.816	2.163	2.732	0.089
141	Track_140	150	0	0	0	0	0	149	0	149	0.348	140	140	1.991	9.360	0	0.014	0.050	0.001	0.012	0.009	2.319	2.409	2.049	2.344	0.079
142	Track_141	150	0	0	0	0	0	149	0	149	3.190	141	141	20.784	8.306	0	0.243	0.724	0.008	0.198	0.161	4.355	4.679	3.997	4.353	0.121
143	Track_142	150	0	0	0	0	0	149	0	149	14.356	142	142	35.270	12.683	0	0.178	0.620	0.001	0.078	0.202	3.726	4.326	2.456	3.889	0.444
144	Track_143	150	0	0	0	0	0	149	0	149	1.058	143	143	41.351	10.205	0	0.080	0.437	0.003	0.055	0.088	4.099	4.292	3.668	4.107	0.099
145	Track_144	150	0	0	0	0	0	149	0	149	0.353	144	144	36.417	11.080	0	0.010	0.048	8.244E-4	0.009	0.007	4.735	4.878	4.535	4.742	0.070
146	Track_145	98	0	0	0	0	0	97	0	97	0.644	145	145	39.418	11.423	0	0.039	0.122	0.002	0.032	0.026	5.002	5.174	4.758	5.030	0.101
147	Track_146	150	0	0	0	0	0	149	0	149	0.180	146	146	38.016	11.617	0	0.065	0.282	0.002	0.047	0.057	3.559	3.924	2.960	3.585	0.226
148	Track_147	150	0	0	0	0	0	149	0	149	0.339	147	147	40.470	12.178	0	0.011	0.032	1.796E-4	0.010	0.007	3.364	3.934	3.011	3.355	0.144
149	Track_148	150	0	0	0	0	0	149	0	149	3.046	148	148	13.794	10.808	0	0.117	0.872	0.002	0.071	0.152	3.759	3.984	3.293	3.777	0.132
150	Track_149	14	0	0	0	0	0	13	0	13	5.365	149	149	3.251	12.858	0	0.553	0.674	0.391	0.571	0.096	3.940	4.360	2.403	4.101	0.478
151	Track_150	66	0	0	0	0	0	65	0	65	2.292	150	150	39.606	13.213	0	0.079	1.120	0.001	0.019	0.203	2.834	3.376	2.034	2.795	0.223
152	Track_151	21	1	1	0	0	0	21	0	21	0.204	151	151	38.911	12.942	0	0.021	0.059	0.006	0.015	0.014	2.193	2.374	2.033	2.204	0.101
153	Track_152	150	0	0	0	0	0	149	0	149	3.103	152	152	40.003	13.343	0	0.050	0.992	9.778E-4	0.016	0.117	3.025	4.557	2.285	2.765	0.531
154	Track_153	150	0	0	0	0	0	149	0	149	0.385	153	153	37.653	13.035	0	0.085	0.269	8.883E-4	0.074	0.057	4.390	4.964	3.704	4.324	0.347
155	Track_154	150	0	0	0	0	0	149	0	149	3.263	154	154	41.663	13.556	0	0.050	1.026	7.664E-4	0.017	0.120	2.982	4.336	2.252	2.781	0.453
156	Track_155	150	0	0	0	0	0	149	0	149	1.319	155	155	38.954	14.071	0	0.037	1.050	0.002	0.024	0.088	3.143	3.776	2.252	3.248	0.352
157	Track_156	150	0	0	0	0	0	149	0	149	0.356	156	156	15.664	13.656	0	0.011	0.054	6.822E-4	0.009	0.008	4.248	4.399	3.742	4.278	0.113
158	Track_157	150	0	0	0	0	0	149	0	149	3.616	157	157	42.744	13.297	0	0.064	2.703	0.000	0.027	0.241	3.436	4.343	2.024	3.744	0.643
159	Track_158	18	0	0	0	0	0	17	0	17	0.648	158	158	39.071	14.233	0	0.139	0.355	0.025	0.136	0.099	2.248	2.494	2.051	2.246	0.124
160	Track_159	150	0	0	0	0	0	149	0	149	0.347	159	159	3.972	14.311	0	0.010	0.043	5.867E-4	0.008	0.006	4.853	4.973	4.238	4.880	0.119
161	Track_160	150	0	0	0	0	0	149	0	149	0.222	160	160	40.066	14.797	0	0.029	0.191	7.095E-4	0.019	0.030	3.421	3.956	2.999	3.367	0.207
162	Track_161	150	0	0	0	0	0	149	0	149	0.603	161	161	27.426	14.957	0	0.042	0.153	4.359E-4	0.032	0.034	3.790	3.979	3.415	3.818	0.112
163	Track_162	150	0	0	0	0	0	149	0	149	0.354	162	162	29.151	15.208	0	0.012	0.041	0.002	0.010	0.007	4.109	4.288	3.731	4.106	0.080
164	Track_163	150	0	0	0	0	0	149	0	149	0.356	163	163	28.285	15.264	0	0.015	0.051	0.002	0.013	0.008	3.096	3.188	3.030	3.094	0.029
165	Track_164	150	0	0	0	0	0	149	0	149	0.358	164	164	40.585	15.422	0	0.013	0.077	0.001	0.011	0.009	3.588	3.790	3.373	3.590	0.073
166	Track_165	150	0	0	0	0	0	149	0	149	2.874	165	165	37.529	15.433	0	0.121	2.088	0.002	0.052	0.207	3.984	4.672	3.403	3.961	0.260
167	Track_166	150	0	0	0	0	0	149	0	149	0.360	166	166	28.056	15.942	0	0.070	2.240	5.711E-4	0.009	0.360	3.435	3.741	2.895	3.463	0.141
168	Track_167	150	0	0	0	0	0	149	0	149	0.332	167	167	40.363	16.065	0	0.011	0.052	6.441E-4	0.009	0.008	3.372	3.544	2.775	3.382	0.098
169	Track_168	150	0	0	0	0	0	149	0	149	0.355	168	168	18.197	16.244	0	0.011	0.047	6.023E-4	0.011	0.007	5.162	5.371	4.614	5.211	0.146
170	Track_169	150	0	0	0	0	0	149	0	149	0.386	169	169	26.548	16.267	0	0.053	1.598	5.186E-4	0.009	0.256	4.235	4.460	3.235	4.376	0.254
171	Track_170	29	0	0	0	0	0	28	0	28	0.203	170	170	25.840	16.409	0	0.016	0.053	0.001	0.015	0.010	3.655	3.745	3.578	3.660	0.050
172	Track_171	150	0	0	0	0	0	149	0	149	16.760	171	171	41.833	20.627	0	0.222	2.989	0.008	0.136	0.289	4.701	5.454	3.810	4.704	0.319
173	Track_172	150	0	0	0	0	0	149	0	149	0.314	172	172	30.270	17.016	0	0.019	0.256	0.002	0.012	0.029	3.083	3.714	2.628	3.118	0.128
174	Track_173	150	0	0	0	0	0	149	0	149	9.857	173	173	14.590	16.108	0	0.260	0.687	0.009	0.238	0.162	4.573	5.053	3.668	4.603	0.219
175	Track_174	150	0	0	0	0	0	149	0	149	3.461	174	174	28.868	19.024	0	0.088	3.372	4.627E-4	0.010	0.425	3.841	4.269	3.175	3.745	0.221
176	Track_175	150	0	0	0	0	0	149	0	149	0.334	175	175	31.878	18.094	0	0.015	0.076	9.982E-4	0.012	0.012	2.474	2.582	2.226	2.484	0.062
177	Track_176	150	0	0	0	0	0	149	0	149	0.343	176	176	3.295	18.511	0	0.011	0.043	0.001	0.009	0.007	4.791	4.994	4.254	4.879	0.200
178	Track_177	150	0	0	0	0	0	149	0	149	6.869	177	177	37.615	15.035	0	0.157	0.724	2.102E-4	0.090	0.181	3.718	4.318	2.907	3.687	0.270
179	Track_178	150	0	0	0	0	0	149	0	149	0.356	178	178	12.983	18.717	0	0.010	0.046	2.265E-4	0.008	0.007	4.646	4.728	4.106	4.661	0.069
180	Track_179	150	0	0	0	0	0	149	0	149	0.361	179	179	26.045	18.737	0	0.010	0.049	7.706E-4	0.009	0.006	3.168	3.280	2.711	3.185	0.084
181	Track_180	34	0	0	0	0	0	33	0	33	22.028	180	180	9.634	20.176	0	0.830	0.985	0.578	0.836	0.090	3.403	3.777	2.805	3.446	0.228
182	Track_181	48	0	0	0	0	0	47	0	47	8.170	181	181	37.595	14.687	0	0.261	1.085	0.009	0.130	0.279	2.921	3.868	2.005	2.662	0.555
183	Track_182	150	0	0	0	0	0	149	0	149	0.366	182	182	14.876	19.660	0	0.012	0.052	8.270E-4	0.010	0.008	3.827	3.973	3.248	3.853	0.114
184	Track_183	150	0	0	0	0	0	149	0	149	2.744	183	183	2.810	20.315	0	0.026	2.397	8.461E-5	0.009	0.196	3.169	4.832	2.485	2.788	0.846
185	Track_184	150	0	0	0	0	0	149	0	149	2.401	184	184	38.743	21.068	0	0.067	2.206	0.002	0.019	0.190	4.710	5.235	3.551	4.968	0.461
186	Track_185	23	0	0	0	0	0	22	0	22	5.318	185	185	1.008	18.920	0	0.377	0.856	0.030	0.264	0.297	3.001	3.621	2.582	2.807	0.357
187	Track_186	2	0	0	0	0	0	1	0	1	0.000	186	186	44.901	24.062	0	0.000	0.000	0.000	0.000	NaN	2.218	2.380	2.057	2.380	0.161
188	Track_187	3	0	0	0	0	0	2	3	5	0.060	187	187	0.644	20.896	0	0.036	0.045	0.027	0.045	0.013	2.255	2.316	2.208	2.242	0.045
189	Track_188	148	0	0	0	0	0	147	2	149	8.142	188	188	12.173	29.311	0	0.322	0.732	0.006	0.271	0.260	3.958	4.728	3.314	4.007	0.234
190	Track_189	148	0	0	0	0	0	147	2	149	11.900	189	189	1.480	23.430	0	0.111	1.263	5.803E-4	0.010	0.245	4.026	4.449	2.596	4.049	0.196
191	Track_190	19	0	0	0	0	0	18	3	21	4.377	190	190	1.911	31.888	0	0.307	0.678	0.050	0.289	0.184	4.158	4.736	3.379	4.321	0.437
192	Track_191	23	0	0	0	0	0	22	3	25	13.211	191	191	19.123	1.557	0	0.723	0.834	0.584	0.735	0.065	3.673	4.057	3.062	3.772	0.274
193	Track_192	146	0	0	0	0	0	145	4	149	23.411	192	192	18.105	28.526	0	0.257	0.622	0.003	0.198	0.221	3.984	4.642	3.426	3.846	0.429
194	Track_193	27	0	0	0	0	0	26	5	31	0.111	193	193	22.921	26.849	0	0.074	0.747	0.002	0.022	0.193	2.657	4.108	2.196	2.742	0.354
195	Track_194	4	0	0	0	0	0	3	5	8	1.950	194	194	0.832	32.994	0	0.681	0.847	0.492	0.703	0.179	3.606	4.077	3.282	3.653	0.303
196	Track_195	145	0	0	0	0	0	144	5	149	2.314	195	195	42.685	5.339	0	0.071	0.669	0.001	0.036	0.103	3.623	4.344	2.495	3.739	0.355
197	Track_196	144	0	0	0	0	0	143	6	149	4.842	196	196	31.701	29.698	0	0.174	2.470	1.514E-4	0.024	0.438	3.890	4.470	2.903	3.883	0.285
198	Track_197	15	0	0	0	0	0	14	7	21	0.078	197	197	23.210	30.536	0	0.262	1.411	0.002	0.077	0.472	3.726	3.884	3.630	3.737	0.073
199	Track_198	143	0	0	0	0	0	142	7	149	5.608	198	198	34.833	31.020	0	0.208	2.513	0.001	0.016	0.529	3.350	4.551	2.003	3.341	0.469
200	Track_199	84	0	0	0	0	0	83	8	91	6.855	199	199	24.219	31.994	0	0.274	2.230	0.003	0.249	0.365	4.771	5.294	2.037	4.890	0.440
201	Track_200	134	4	1	0	0	0	137	10	147	0.196	200	200	8.012	26.381	0	0.024	0.668	7.095E-4	0.012	0.079	4.048	5.085	3.076	3.547	0.692
202	Track_201	90	0	0	0	0	0	89	11	100	6.427	201	201	29.190	30.660	0	0.259	2.476	0.002	0.096	0.481	3.908	5.050	3.202	3.787	0.411
203	Track_202	138	0	0	0	0	0	137	12	149	11.926	202	202	24.017	4.475	0	0.187	0.965	0.004	0.122	0.222	4.006	4.649	2.183	4.082	0.293
204	Track_203	137	0	0	0	0	0	136	13	149	0.203	203	203	0.581	20.868	0	0.017	0.171	2.811E-4	0.010	0.026	2.449	2.725	2.087	2.442	0.102
205	Track_204	67	0	0	0	0	0	66	14	80	3.339	204	204	43.101	26.483	0	0.199	2.103	0.004	0.095	0.336	3.775	5.041	2.092	3.187	0.973
206	Track_205	19	0	0	0	0	0	18	15	33	1.756	205	205	35.032	32.671	0	0.214	1.255	0.009	0.093	0.335	3.208	4.053	2.219	3.161	0.454
207	Track_206	135	0	0	0	0	0	134	15	149	22.885	206	206	23.724	18.504	0	0.252	0.736	0.002	0.114	0.255	4.195	4.440	3.528	4.220	0.172
208	Track_207	11	0	0	0	0	0	10	16	26	0.014	207	207	28.933	24.106	0	0.072	0.270	0.013	0.028	0.096	2.703	2.746	2.632	2.701	0.030
209	Track_208	48	0	0	0	0	0	47	16	63	4.922	208	208	7.367	30.025	0	0.507	0.837	0.061	0.615	0.220	3.628	4.016	2.630	3.703	0.258
210	Track_209	42	0	0	0	0	0	41	17	58	1.362	209	209	1.448	15.634	0	0.263	0.758	0.045	0.255	0.160	4.659	5.088	2.973	4.812	0.384
211	Track_210	40	2	1	0	0	0	41	19	60	29.505	210	210	11.207	13.760	0	0.813	1.094	0.608	0.810	0.109	2.955	3.621	2.331	2.809	0.389
212	Track_211	15	0	0	0	0	0	14	19	33	0.221	211	211	3.691	24.270	0	0.045	0.094	0.004	0.039	0.026	2.077	2.164	2.004	2.073	0.054
213	Track_212	130	0	0	0	0	0	129	20	149	14.612	212	212	14.143	13.743	0	0.355	0.565	0.028	0.417	0.153	4.597	4.913	2.633	4.653	0.261
214	Track_213	37	0	0	0	0	0	36	21	57	10.676	213	213	7.685	6.840	0	0.793	1.002	0.544	0.806	0.101	3.265	4.161	2.463	3.480	0.450
215	Track_214	128	0	0	0	0	0	127	22	149	7.078	214	214	7.407	30.829	0	0.276	0.622	0.009	0.303	0.153	4.737	5.137	3.012	4.794	0.285
216	Track_215	6	0	0	0	0	0	5	23	28	0.135	215	215	37.431	26.835	0	0.106	0.202	0.027	0.104	0.063	2.127	2.240	2.033	2.124	0.065
217	Track_216	14	0	0	0	0	0	13	23	36	0.056	216	216	22.242	33.281	0	0.034	0.083	0.011	0.029	0.021	2.196	2.260	2.113	2.209	0.041
218	Track_217	26	1	1	0	0	0	26	23	49	0.136	217	217	11.123	33.596	0	0.009	0.045	0.000	0.000	0.019	2.288	2.657	2.021	2.244	0.191
219	Track_218	7	0	0	0	0	0	6	23	29	3.405	218	218	1.433	1.357	0	0.599	0.675	0.515	0.621	0.062	4.463	4.755	4.146	4.413	0.198
220	Track_219	2	0	0	0	0	0	1	27	28	0.081	219	219	38.680	14.772	0	0.081	0.081	0.081	0.081	NaN	2.148	2.155	2.141	2.155	0.007
221	Track_220	123	0	0	0	0	0	122	27	149	10.536	220	220	10.121	26.577	0	0.173	0.926	4.953E-4	0.059	0.256	4.087	4.393	2.713	4.183	0.281
222	Track_221	31	0	0	0	0	0	30	27	57	0.091	221	221	42.226	33.596	0	0.015	0.091	0.000	0.000	0.025	2.514	2.589	2.400	2.506	0.048
223	Track_222	44	0	0	0	0	0	43	28	71	5.127	222	222	6.314	25.568	0	0.389	1.842	0.035	0.115	0.407	3.102	3.747	2.727	3.028	0.262
224	Track_223	22	0	0	0	0	0	21	28	49	1.841	223	223	24.630	30.089	0	0.288	1.648	0.002	0.015	0.577	3.557	4.076	3.146	3.221	0.410
225	Track_224	120	0	0	0	0	0	119	30	149	13.240	224	224	11.387	31.783	0	0.334	1.589	0.000	0.294	0.270	4.216	5.219	2.595	4.390	0.537
226	Track_225	5	0	0	0	0	0	4	32	36	0.015	225	225	38.979	12.973	0	0.014	0.025	0.006	0.013	0.008	2.053	2.085	2.026	2.043	0.021
227	Track_226	98	1	1	0	0	0	98	32	130	0.307	226	226	25.997	16.524	0	0.035	0.485	7.702E-4	0.012	0.092	3.660	3.954	3.216	3.656	0.098
228	Track_227	118	0	0	0	0	0	117	32	149	9.009	227	227	3.778	29.940	0	0.135	0.859	7.650E-4	0.021	0.224	4.220	4.491	3.127	4.347	0.310
229	Track_228	117	0	0	0	0	0	116	33	149	21.857	228	228	16.143	10.415	0	0.291	0.886	0.002	0.141	0.300	4.354	4.633	3.616	4.373	0.164
230	Track_229	117	0	0	0	0	0	116	33	149	5.230	229	229	25.429	25.030	0	0.067	3.036	0.002	0.010	0.339	3.836	4.287	2.648	4.157	0.571
231	Track_230	117	0	0	0	0	0	116	33	149	2.670	230	230	36.246	30.071	0	0.082	1.035	0.003	0.033	0.176	3.274	3.913	2.159	3.296	0.310
232	Track_231	8	0	0	0	0	0	7	34	41	2.860	231	231	11.134	0.000	0	0.409	0.545	0.272	0.363	0.095	4.559	5.668	2.183	5.341	1.136
233	Track_232	61	1	1	0	0	0	61	36	97	1.491	232	232	36.617	27.745	0	0.042	0.888	0.003	0.014	0.151	2.186	2.404	2.007	2.203	0.138
234	Track_233	112	0	0	0	0	0	111	38	149	2.627	233	233	44.064	12.995	0	0.073	2.136	0.000	0.008	0.222	3.526	4.794	2.103	3.446	0.355
235	Track_234	111	0	0	0	0	0	110	39	149	2.957	234	234	23.338	28.469	0	0.052	2.389	0.002	0.015	0.236	3.343	4.355	2.692	3.438	0.500
236	Track_235	109	1	1	0	0	0	109	40	149	7.646	235	235	30.852	25.677	0	0.273	2.625	9.353E-4	0.012	0.629	3.305	4.340	2.028	2.875	0.661
237	Track_236	110	0	0	0	0	0	109	40	149	1.715	236	236	27.993	2.119	0	0.029	0.925	0.001	0.008	0.126	4.443	4.648	2.075	4.521	0.401
238	Track_237	17	0	0	0	0	0	16	42	58	7.355	237	237	8.930	0.748	0	0.530	0.662	0.221	0.553	0.110	4.373	4.882	3.293	4.540	0.464
239	Track_238	108	0	0	0	0	0	107	42	149	13.421	238	238	11.846	9.395	0	0.273	0.963	0.007	0.103	0.320	3.173	3.576	2.316	3.196	0.222
240	Track_239	9	0	0	0	0	0	8	41	49	2.815	239	239	0.536	13.897	0	0.504	0.751	0.304	0.524	0.131	3.846	4.791	2.328	3.942	0.710
241	Track_240	37	0	0	0	0	0	36	44	80	20.284	240	240	34.362	13.561	0	0.786	0.995	0.469	0.790	0.108	2.515	2.956	2.188	2.533	0.148
242	Track_241	106	0	0	0	0	0	105	44	149	5.490	241	241	40.330	12.907	0	0.076	2.167	0.002	0.016	0.261	2.897	4.464	2.468	2.754	0.392
243	Track_242	106	0	0	0	0	0	105	44	149	3.937	242	242	33.781	28.387	0	0.104	1.678	9.283E-4	0.014	0.341	3.764	4.672	2.019	3.635	0.435
244	Track_243	104	1	1	0	0	0	104	45	149	9.492	243	243	37.102	3.425	0	0.180	0.750	0.005	0.085	0.189	4.078	4.788	2.828	4.111	0.257
245	Track_244	50	5	1	0	0	0	54	45	99	5.026	244	244	3.236	24.365	0	0.267	1.506	0.003	0.020	0.404	2.461	4.418	2.002	2.074	0.744
246	Track_245	43	0	0	0	0	0	42	45	87	3.436	245	245	43.079	33.067	0	0.113	0.908	0.000	0.045	0.177	3.090	5.020	2.146	2.636	0.774
247	Track_246	104	0	0	0	0	0	103	46	149	0.738	246	246	39.182	15.693	0	0.049	1.053	0.001	0.010	0.172	3.782	4.137	2.052	3.970	0.535
248	Track_247	10	0	0	0	0	0	9	46	55	0.051	247	247	3.679	24.439	0	0.483	2.132	0.002	0.014	0.934	2.253	4.184	2.001	2.043	0.644
249	Track_248	20	0	0	0	0	0	19	48	67	5.130	248	248	17.876	0.419	0	0.374	0.721	0.091	0.409	0.153	5.099	5.730	2.718	5.491	0.777
250	Track_249	100	0	0	0	0	0	99	50	149	13.077	249	249	16.062	7.699	0	0.242	0.801	0.004	0.051	0.300	3.888	4.327	2.949	3.922	0.250
251	Track_250	11	0	0	0	0	0	10	49	59	2.134	250	250	1.652	0.870	0	0.425	0.769	0.136	0.529	0.220	4.496	5.025	2.532	4.719	0.674
252	Track_251	20	0	0	0	0	0	19	49	68	9.783	251	251	5.227	5.610	0	0.751	1.027	0.287	0.818	0.189	3.959	4.184	3.664	3.972	0.127
253	Track_252	98	0	0	0	0	0	97	52	149	6.482	252	252	2.007	32.117	0	0.190	1.153	0.007	0.113	0.217	3.383	3.881	2.607	3.370	0.224
254	Track_253	18	0	0	0	0	0	17	55	72	1.453	253	253	8.891	0.110	0	0.305	0.594	0.045	0.318	0.147	4.169	4.943	3.274	4.070	0.480
255	Track_254	95	0	0	0	0	0	94	55	149	0.355	254	254	3.708	27.378	0	0.056	0.344	0.004	0.033	0.070	4.410	4.596	3.996	4.434	0.127
256	Track_255	93	0	0	0	0	0	92	57	149	4.547	255	255	41.767	27.438	0	0.083	2.153	0.001	0.011	0.326	3.104	3.710	2.004	3.137	0.346
257	Track_256	93	0	0	0	0	0	92	57	149	0.864	256	256	35.518	32.854	0	0.028	0.387	7.630E-4	0.010	0.050	3.275	5.371	3.127	3.232	0.257
258	Track_257	56	0	0	0	0	0	55	59	114	0.124	257	257	8.267	26.227	0	0.017	0.092	0.002	0.015	0.012	3.506	3.606	3.226	3.519	0.065
259	Track_258	92	0	0	0	0	0	91	58	149	0.091	258	258	22.226	33.595	0	0.016	0.140	0.000	0.000	0.028	2.741	3.230	2.052	2.750	0.337
260	Track_259	90	0	0	0	0	0	89	60	149	15.677	259	259	10.739	4.122	0	0.277	0.869	0.002	0.138	0.305	3.827	4.174	2.391	3.909	0.252
261	Track_260	89	0	0	0	0	0	88	61	149	0.103	260	260	38.953	13.038	0	0.012	0.072	9.675E-4	0.011	0.009	2.729	2.872	2.120	2.773	0.129
262	Track_261	88	1	1	0	0	0	88	61	149	2.967	261	261	26.525	24.599	0	0.051	3.009	1.972E-4	0.008	0.323	3.947	4.278	2.679	4.207	0.557
263	Track_262	49	0	0	0	0	0	48	62	110	2.089	262	262	25.974	29.850	0	0.212	2.154	0.001	0.016	0.534	4.016	4.782	3.172	4.023	0.383
264	Track_263	89	0	0	0	0	0	88	61	149	1.815	263	263	1.145	31.983	0	0.140	0.766	0.004	0.097	0.125	3.478	4.645	2.986	3.441	0.341
265	Track_264	19	0	0	0	0	0	18	64	82	0.031	264	264	27.716	25.523	0	0.325	2.724	0.009	0.031	0.850	3.433	3.842	2.686	3.725	0.488
266	Track_265	38	0	0	0	0	0	37	64	101	0.116	265	265	34.554	25.142	0	0.039	0.214	0.005	0.022	0.041	2.298	2.446	2.040	2.358	0.119
267	Track_266	22	0	0	0	0	0	21	68	89	6.810	266	266	10.383	32.908	0	0.453	1.076	0.060	0.336	0.326	3.473	4.172	2.419	3.487	0.306
268	Track_267	82	0	0	0	0	0	81	68	149	1.118	267	267	24.586	32.436	0	0.203	2.950	0.000	0.040	0.583	4.481	5.246	2.002	4.678	0.756
269	Track_268	81	0	0	0	0	0	80	69	149	3.022	268	268	40.891	26.118	0	0.049	1.642	5.201E-4	0.011	0.241	3.597	3.762	2.063	3.662	0.228
270	Track_269	81	0	0	0	0	0	80	69	149	2.720	269	269	32.580	28.461	0	0.241	2.271	0.003	0.025	0.532	3.664	4.364	2.048	3.637	0.455
271	Track_270	68	1	1	0	0	0	68	75	143	6.313	270	270	5.563	29.084	0	0.357	3.133	0.016	0.148	0.483	2.935	3.595	2.112	2.967	0.281
272	Track_271	72	0	0	0	0	0	71	78	149	4.404	271	271	5.247	18.921	0	0.385	0.715	0.017	0.438	0.247	3.679	4.213	2.972	3.852	0.407
273	Track_272	3	0	0	0	0	0	2	78	80	0.045	272	272	0.000	30.842	0	0.023	0.045	0.000	0.045	0.032	2.289	2.648	2.048	2.172	0.259
274	Track_273	68	0	0	0	0	0	67	82	149	0.636	273	273	42.676	33.596	0	0.026	0.409	0.000	0.000	0.075	2.902	3.089	2.286	2.925	0.153
275	Track_274	65	0	0	0	0	0	64	85	149	5.533	274	274	31.267	27.345	0	0.190	2.612	0.004	0.104	0.366	3.720	4.285	2.658	3.840	0.437
276	Track_275	48	0	0	0	0	0	47	86	133	1.627	275	275	24.919	29.789	0	0.151	1.787	0.001	0.030	0.399	3.802	4.790	3.146	3.440	0.566
277	Track_276	65	0	0	0	0	0	64	85	149	0.338	276	276	0.110	30.906	0	0.045	0.298	0.000	0.023	0.066	4.795	5.688	3.516	4.812	0.566
278	Track_277	60	0	0	0	0	0	59	90	149	0.805	277	277	31.305	25.383	0	0.234	2.631	0.003	0.009	0.646	3.575	4.361	2.658	4.044	0.688
279	Track_278	10	0	0	0	0	0	9	91	100	1.480	278	278	35.185	31.599	0	0.200	1.454	0.000	0.073	0.472	2.144	2.194	2.101	2.144	0.030
280	Track_279	56	0	0	0	0	0	55	94	149	9.896	279	279	13.662	2.015	0	0.326	0.861	0.018	0.284	0.251	3.770	4.107	3.149	3.780	0.190
281	Track_280	56	0	0	0	0	0	55	94	149	0.040	280	280	23.030	26.955	0	0.014	0.081	0.001	0.012	0.012	2.759	2.848	2.585	2.783	0.067
282	Track_281	55	0	0	0	0	0	54	95	149	3.643	281	281	31.687	29.522	0	0.211	2.465	0.000	0.008	0.647	4.067	4.493	3.052	4.157	0.395
283	Track_282	53	0	0	0	0	0	52	97	149	0.091	282	282	39.774	11.299	0	0.013	0.085	0.001	0.010	0.013	4.974	5.061	4.793	5.000	0.076
284	Track_283	14	0	0	0	0	0	13	100	113	9.504	283	283	15.485	5.073	0	0.754	0.988	0.264	0.796	0.176	3.447	4.016	2.892	3.550	0.294
285	Track_284	47	0	0	0	0	0	46	103	149	3.238	284	284	5.533	25.827	0	0.105	3.208	4.616E-4	0.037	0.468	3.382	4.071	2.043	3.864	0.810
286	Track_285	11	0	0	0	0	0	10	106	116	0.074	285	285	34.637	25.213	0	0.021	0.039	0.005	0.030	0.014	2.110	2.245	2.007	2.074	0.087
287	Track_286	44	0	0	0	0	0	43	106	149	1.568	286	286	0.783	32.794	0	0.149	0.485	0.007	0.130	0.120	3.417	4.210	2.672	3.436	0.227
288	Track_287	43	0	0	0	0	0	42	107	149	1.213	287	287	34.987	30.156	0	0.089	1.232	9.528E-4	0.031	0.225	3.343	3.745	2.036	3.319	0.262
289	Track_288	28	0	0	0	0	0	27	108	135	0.318	288	288	13.990	0.000	0	0.049	0.182	0.000	0.045	0.045	4.404	5.582	2.328	4.900	1.050
290	Track_289	42	0	0	0	0	0	41	108	149	2.352	289	289	27.778	25.503	0	0.151	2.397	0.004	0.081	0.370	3.550	4.032	2.699	3.762	0.496
291	Track_290	40	0	0	0	0	0	39	110	149	2.177	290	290	35.429	27.288	0	0.153	1.179	0.002	0.009	0.379	2.651	3.632	2.013	2.611	0.406
292	Track_291	4	0	0	0	0	0	3	116	119	0.006	291	291	25.672	30.462	0	0.907	1.322	0.096	1.304	0.703	3.473	4.592	3.070	3.143	0.647
293	Track_292	22	2	1	0	0	0	23	118	141	0.344	292	292	14.096	9.107	0	0.110	0.248	0.020	0.098	0.053	3.091	3.248	2.917	3.122	0.089
294	Track_293	3	0	0	0	0	0	2	122	124	0.008	293	293	29.190	24.085	0	0.027	0.030	0.025	0.030	0.003	2.712	2.736	2.668	2.731	0.031
295	Track_294	4	0	0	0	0	0	3	128	131	0.020	294	294	2.666	19.853	0	0.030	0.046	0.007	0.038	0.021	2.428	2.457	2.379	2.446	0.030
296	Track_295	21	0	0	0	0	0	20	129	149	0.873	295	295	36.438	27.214	0	0.049	0.815	0.002	0.007	0.180	2.341	2.454	2.006	2.350	0.085
297	Track_296	18	0	0	0	0	0	17	132	149	2.816	296	296	33.406	28.695	0	0.189	1.626	0.001	0.015	0.494	3.568	4.260	2.024	3.897	0.717
298	Track_297	5	0	0	0	0	0	4	135	139	0.042	297	297	26.163	16.629	0	0.028	0.042	0.009	0.032	0.014	3.575	3.606	3.525	3.583	0.028
299	Track_298	6	0	0	0	0	0	5	136	141	0.240	298	298	29.180	24.111	0	0.078	0.280	0.004	0.026	0.115	2.685	2.742	2.610	2.680	0.046
300	Track_299	14	0	0	0	0	0	13	136	149	0.593	299	299	31.882	26.322	0	0.059	0.620	0.002	0.013	0.169	3.728	4.237	2.930	4.092	0.531
301	Track_300	13	1	1	0	0	0	13	136	149	1.434	300	300	34.246	29.157	0	0.144	1.368	0.003	0.037	0.386	3.011	3.558	2.000	3.381	0.662
302	Track_301	2	0	0	0	0	0	1	137	138	0.006	301	301	2.661	19.866	0	0.006	0.006	0.006	0.006	NaN	2.242	2.285	2.199	2.285	0.043
303	Track_302	3	0	0	0	0	0	2	141	143	1.685	302	302	24.402	30.039	0	0.861	1.701	0.022	1.701	1.187	3.220	3.354	2.961	3.345	0.183
304	Track_303	3	0	0	0	0	0	2	147	149	0.125	303	303	14.333	9.005	0	0.103	0.115	0.091	0.115	0.017	2.881	2.902	2.851	2.888	0.022
305	Track_304	2	0	0	0	0	0	1	147	148	0.003	304	304	35.190	29.018	0	0.003	0.003	0.003	0.003	NaN	2.018	2.033	2.003	2.033	0.015
306	Track_305	2	0	0	0	0	0	1	148	149	0.680	305	305	19.422	33.302	0	0.680	0.680	0.680	0.680	NaN	3.003	3.179	2.827	3.179	0.176
